  100.000000000000000        34.244071586035901         120.96029200832699        131.50352326447378        122.62964486761366         57505.831206265109        4.1244953326491052       0.81144458640377570     
   200.00000000000000        68.470515847609363         237.80887459411750        249.85592943807026        235.04540549320868         114465.02883390659        13.233869897456128        1.7273868483034989     
   300.00000000000000        102.70711471744815         357.63857591198513        366.28790984714101        347.51558655207708         114469.37988367477        21.762198337628579        2.8802298419268828     
   400.00000000000000        137.07282208355235         492.03619086287620        484.53945803812354        460.92405894048716         140274.75978845448        23.294306487399698        4.3999888474208282     
   500.00000000000000        171.30012940230284         624.78035527441921        602.22004003181360        574.85737870007040         151461.60840226998        26.332045425612570        4.7629362163956497     
   600.00000000000000        205.43441085294683         771.29745178092185        718.56631575116216        685.71502436165349         151618.25366160349        33.588826571399814        7.1078859341911995     
   700.00000000000000        239.70429474652499         919.07535101655367        829.10320041886155        797.61702627030820         151783.03806995304        50.091759780085809        9.9009231150127661     
   800.00000000000000        273.95075051215866         1063.1084207995966        953.81062504771398        910.84835636047626         172090.53699875838        54.406502856368199        8.6608323458716487     
   900.00000000000000        308.20333509825417         1236.9071290186789        1074.1177788226694        1021.2218506024034         181560.84597117259        58.751719412885272        11.456387827323709     
  1000.00000000000000        342.60066748085899         1399.3107453718612        1203.6715188150301        1137.7328605464568         181582.50549817455        54.033719547473126        13.031666377490435     
   2000.0000000000000        685.05862737485609         3310.1825243203530        2511.4198210737145        2334.0841038308695         207507.02389618233        128.25577540093846        26.821214979023210     
   3000.0000000000000        1027.3507068671152         5670.0854238102938        3962.8831420138854        3607.0526488170458         244579.98515289320        174.43947939188467        39.861792958875874     
   5000.0000000000000        1712.4980426149243         11923.732581669194        7168.0661640948401        6370.1852198717534         340245.59164882690        587.13466386551102        90.446840572492945     
   7000.0000000000000        2397.3630904581214         19622.734744233036        10748.034782993118        9256.6431411427438         437133.15488192340        1463.6660147643524        109.44406712671143     
   9000.0000000000000        3081.6448903835117         28495.157501108381        14899.651880762034        12381.789476293992         496983.54459079262        3577.2329613441561        170.92306527304140     
