  100.000000000000000        34.244071586035901         45.543482513355421        38.491291653266650        36.439102061469690         977.35453488114342        1.2368315442167808       0.28065455613804852     
   200.00000000000000        68.470515847609363         95.174095723507165        79.009270482799948        73.601536248857840         1924.2206973867153        3.2852905886815722       0.61389357048405213     
   300.00000000000000        102.70711471744815         146.86003772104618        120.74580263719243        112.07822008969913         1925.0679735961971        5.1580196935884102        1.0204401158087861     
   400.00000000000000        137.07282208355235         204.70091596796200        164.20231262334806        151.66354682506721         2362.3923919828567        5.9341849289725594        1.5193402985101538     
   500.00000000000000        171.30012940230284         261.30187363728402        208.11110783956605        191.96862185423612         2549.1878602017891        6.7517830634261333        1.6823257585906592     
   600.00000000000000        205.43441085294683         322.99132389092409        251.94015692414678        231.55508641986168         2558.4332459480156        8.2889696895414300        2.3977226729604411     
   700.00000000000000        239.70429474652499         384.32242598925131        293.83230267045445        271.78842046175987         2569.0316105653883        10.957286391582947        3.1091143095133433     
   800.00000000000000        273.95075051215866         443.24101352865620        341.28112447862168        312.71165347207852         2912.0762838031160        11.832531820046135        2.9902405083044181     
   900.00000000000000        308.20333509825417         513.24392545534795        387.16535270043602        352.75888893737988         3078.8337199587659        12.935233390923147        3.8191694056806833     
  1000.00000000000000        342.60066748085899         577.62909649822370        436.63187617357204        395.16138097626254         3081.1839963417951        12.939456662646704        4.2442421734283311     
   2000.0000000000000        685.05862737485609         1277.0394627440207        932.34040629914182        833.16145849543329         3547.7068344507743        27.002291654801361        8.5154906899200320     
   3000.0000000000000        1027.3507068671152         2043.7089866916444        1467.2682646382916        1297.2447738111903         4199.1185644183852        36.911858751920427        12.305081524709884     
   5000.0000000000000        1712.4980426149243         3810.0212295843885        2592.3312773481443        2285.6868019247863         5808.5231229751107        87.656548416182090        24.059111409045819     
   7000.0000000000000        2397.3630904581214         5705.0726848092208        3778.1153922978874        3290.1253342929626         7428.3595768623372        162.26130120386230        30.589665478222095     
   9000.0000000000000        3081.6448903835117         7675.5956544458304        5085.2159687009507        4349.6411445890089         8446.7443671521887        303.20119490062751        43.864499532589633     
