  100.000000000000000        34.244071586035901         136.54282408241363        115.09774002168075        108.77899531759297         2904.0072615030399        3.6206262919437098       0.82656666272336854     
   200.00000000000000        68.470515847609363         283.49594090912586        235.08101211285930        218.78162779996313         5718.1799348573195        9.6244700765557116        1.8016993797454299     
   300.00000000000000        102.70711471744815         435.90248102549498        358.24990019639353        332.33058363383753         5720.6535119176478        15.115204247268359        2.9892688573945594     
   400.00000000000000        137.07282208355235         606.03686023863418        486.22503340546928        448.92996772966211         7020.1191900751210        17.376302837402857        4.4467825851721683     
   500.00000000000000        171.30012940230284         772.24751131222456        615.34115348583089        567.48873057065498         7575.2492477252117        19.768407395091486        4.9230198450513845     
   600.00000000000000        205.43441085294683         953.18551001229275        744.08155649441642        683.81510943162732         7602.4806002174946        24.276332699256223        7.0141813792213652     
   700.00000000000000        239.70429474652499         1132.9100041258123        867.03002594299733        801.94747773045322         7633.6701281356482        32.127184102504764        9.1014967479371212     
   800.00000000000000        273.95075051215866         1305.4492696799484        1006.1896924391973        922.02568449186163         8653.0372901455612        34.695485157535991        8.7428378055361939     
   900.00000000000000        308.20333509825417         1510.3343125564616        1140.6804450146574        1039.4686079186160         9148.3163383039355        37.923076673359368        11.167612230647885     
  1000.00000000000000        342.60066748085899         1698.6910676126085        1285.5982055533366        1163.7593982400720         9155.2078347507941        37.903575917258813        12.413605813321896     
   2000.0000000000000        685.05862737485609         3742.2327917871930        2735.4621740972239        2445.4947344373404         10540.344162979711        79.199073183162326        24.902148612574866     
   3000.0000000000000        1027.3507068671152         5980.6053371992393        4297.9452224681172        3801.5213534846853         12475.107578111918        108.26156204305565        35.993844451543694     
   5000.0000000000000        1712.4980426149243         11137.767803656310        7582.5658511796673        6687.6146769314555         17257.704927251925        258.12533798080165        70.555714130557007     
   7000.0000000000000        2397.3630904581214         16673.229058271463        11044.652400468154        9619.9829765780760         22071.718450924149        479.63305448223525        89.632921686113249     
   9000.0000000000000        3081.6448903835117         22431.891223211878        14862.126757651196        12713.717356824094         25097.604405020531        899.53960260870792        128.74033733990296     
