  100.000000000000000        34.244071586035901         37.274175132836014        41.162184223556416        38.563382156790126         19516.110716719188        1.3971561881634302       0.26642279707598848     
   200.00000000000000        68.470515847609363         74.869384299740801        79.398555399936953        74.900336303231228         38846.118532558932        4.4995631452982883       0.57416127362630476     
   300.00000000000000        102.70711471744815         113.94463429792931        117.40862406997624        111.60167468478325         38847.604527671931        7.4024921975074260       0.96502670885542274     
   400.00000000000000        137.07282208355235         158.12746935726585        156.26265699561839        148.83229020534239         47605.300996003010        7.9224642661356866        1.4825114716074592     
   500.00000000000000        171.30012940230284         202.01006327563294        195.10674537130308        186.39785848715130         51401.749288497151        8.9557788103931752        1.6028357378035263     
   600.00000000000000        205.43441085294683         250.64335791411196        233.64290760224389        223.07020806592368         51455.088614274682        11.426298101424424        2.4031050854493019     
   700.00000000000000        239.70429474652499         299.85143452481316        270.35227244792105        260.18558247376097         51511.207050224417        17.040307295464366        3.3536620622520559     
   800.00000000000000        273.95075051215866         347.92928654601246        311.86101408102871        297.82476615098369         58403.033358688284        18.508442902258288        2.9288573706629331     
   900.00000000000000        308.20333509825417         406.06420249119554        351.98357097454988        334.58212080581620         61617.190757547913        19.987830244448698        3.8818591059141978     
  1000.00000000000000        342.60066748085899         460.48455475888721        395.26261543780788        373.44631417784115         61624.577210640346        18.386296043680819        4.4169570088387156     
   2000.0000000000000        685.05862737485609         1104.5108992424582        834.69740147257187        774.89105294611932         70423.338044142816        43.641640216266268        9.1100415368175884     
   3000.0000000000000        1027.3507068671152         1903.8669333325829        1325.1682623249972        1204.6084264972444         83005.583088922751        59.366237629284775        13.546584848909571     
   5000.0000000000000        1712.4980426149243         4028.6599094674539        2412.1493939623733        2141.1176027596466         115471.75546798386        199.44937511819720        30.696948271235581     
   7000.0000000000000        2397.3630904581214         6649.1703557684041        3628.8910545422832        3121.8386013205391         148352.39674934250        496.27491825436061        37.195900555867638     
   9000.0000000000000        3081.6448903835117         9671.5423799297769        5041.4312234982453        4184.8612801094914         168664.22822885762        1210.7727192440020        58.007973005895984     
