  100.000000000000000        34.244071586035901         19.485533788498756        3.0639593221993624        4.8001965254678050         4.6259047716816619       0.93481298733491625       0.21056001869121502     
   200.00000000000000        68.470515847609363         66.151852347580004        12.684844267894324        16.606277374472413         6.2850312097411312        1.8705138230867009       0.60980820214584242     
   300.00000000000000        102.70711471744815         130.63207681122421        28.648364315477490        34.407315588296797         7.3450161112965224        2.6907845170805520        1.1101901323479912     
   400.00000000000000        137.07282208355235         214.41926391715631        50.958314454967301        57.593441845865343         8.2626636277090562        3.6055141664765231        1.6133416841519199     
   500.00000000000000        171.30012940230284         303.63035101377284        78.631751064389235        85.496714772860898         8.9731504949283458        4.2645576536333074        1.9494367097068126     
   600.00000000000000        205.43441085294683         405.54082053388510        110.73742437421132        116.53366985515748         9.4872690615086377        4.9398439716259741        2.5210856862640174     
   700.00000000000000        239.70429474652499         509.35495794916227        145.08781140587541        151.28715240887698         9.9330783478705857        5.5668955667281192        2.9405033686313811     
   800.00000000000000        273.95075051215866         609.94667775782818        187.77466475412027        189.54785106506674         10.337457915789596        6.0760664290242739        3.4445843449769984     
   900.00000000000000        308.20333509825417         729.24364978747622        232.39009318541335        229.49636692958651         10.656985710940573        6.6784862208673941        4.0483511116181798     
   1000.0000000000000        342.60066748085899         837.89525408961470        283.67710852852281        274.18352337716630         10.954514789336280        7.1959665467521985        4.4556287733079198     
   2000.0000000000000        685.05862737485609         1878.0216574051747        904.34255041810434        827.37675975637217         12.371268388200889        11.333982343621457        8.2313532361140176     
   3000.0000000000000        1027.3507068671152         2724.3647022344826        1643.1624232882846        1492.4660987600853         12.668777762380445        13.778494775247815        10.859584526724367     
   5000.0000000000000        1712.4980426149243         3971.0534559006946        3092.4648478366657        2902.6140330547191         12.300917380370640        16.467104176560234        14.386742713321581     
   7000.0000000000000        2397.3630904581214         4762.9110082873312        4361.0655965680971        4193.3838711017142         11.561221690161043        17.522595886046624        16.450254559022213     
   9000.0000000000000        3081.6448903835117         5301.3353405473172        5488.6591304949143        5375.4888976192215         10.882790186192647        17.905978728112476        17.746605198622436     
