  100.000000000000000        34.244071586035901         57.310392892767119        9.0116449705035553        14.118224926403229         13.605602126541784        2.7494499338297529       0.61929416610719001     
   200.00000000000000        68.470515847609363         194.56426956401162        37.308365101380041        48.841991764117175         18.485385716565474        5.5015111865051960        1.7935535168576215     
   300.00000000000000        102.70711471744815         384.21198657992670        84.259894159237135        101.19798595995469         21.602988335406611        7.9140720258165400        3.2652650607955600     
   400.00000000000000        137.07282208355235         630.64488724057185        149.87739387930580        169.39247423550191         24.301951590583840        10.604453319270711        4.7451225505354104     
   500.00000000000000        171.30012940230284         893.03043476484447        231.26985363912880        251.46092315754871         26.391618825130976        12.542816496402086        5.7336373211815461     
   600.00000000000000        205.43441085294683         1192.7671066712280        325.69830355712770        342.74608420412346         27.903732240344521        14.528952704901211        7.4149578227825641     
   700.00000000000000        239.70429474652499         1498.1028017397916        426.72885258757094        444.96220828696505         29.214936009970199        16.373222082861471        8.6485392285346432     
   800.00000000000000        273.95075051215866         1793.9607980650719        552.27841993829031        557.49367373915879         30.404287667810095        17.870783426804071        10.131130319838958     
   900.00000000000000        308.20333509825417         2144.8342415204447        683.50026688537037        674.98930739893126         31.344075290721861        19.642606325352812        11.906914908928663     
  1000.00000000000000        342.60066748085899         2464.3977802242393        834.34442807257244        806.42211909757668         32.219160806210482        21.164607267828352        13.104790371886933     
   2000.0000000000000        685.05862737485609         5523.5930519154899        2659.8310026641393        2433.4610325106983         36.386083111982536        33.335241836486340        24.209862204508173     
   3000.0000000000000        1027.3507068671152         8012.8372752304222        4832.8306058962808        4389.6061266518545         37.261110673895047        40.524984206820925        31.939954154406553     
   5000.0000000000000        1712.4980426149243         11679.568865092064        9095.4847509078754        8537.1000074225594         36.179168385246903        48.432658833386860        42.313948711750299     
   7000.0000000000000        2397.3630904581214         14008.561641731796        12826.663384401101        12333.481844099253         34.003592848690644        51.537046181576478        48.383101135267083     
   9000.0000000000000        3081.6448903835117         15592.162602309996        16143.114919890108        15810.261297286239         32.008206093301233        52.664642764026674        52.195897093985742     
