7       5.19        2.984           0.240           3.011         7.87
307     1.52        3.478           0.299           3.299         7.38
538     2.41        3.440           0.133           3.258         9.14
2311    5.52        3.378           0.557           3.252         6.81
2644    3.5         2.191           0.167           2.364         8.12
2779    6.38        2.369           0.182           2.396         8.08
2850    2.41        2.869           0.517           2.504         8.85
2978    4.73        3.653           0.162           3.355         7.92
3780    2.53        2.124           0.603           2.040         9.09
3927    4.57        2.703           0.451           2.232         8.31
4114    5.0         2.660           0.150           2.621         7.96
4641    3.73        2.039           0.103           2.097         8.76
4983    2.62        2.578           0.154           2.899         8.76
7252    4.68        3.201           0.190           3.595         7.91
7408    3.42        2.600           0.682           2.444         8.65
7449    4.21        3.073           0.133           3.039         8.09
7496    0.96        3.436           0.531           3.645         6.72
8498    4.49        3.005           0.134           2.829         7.83
8761    3.82        2.414           0.344           2.681         7.63
9563    5.48        2.227           0.375           2.203         8.42
9649    3.53        4.383           0.097           3.987         8.17
