5       6.77        2.984           0.240           3.011         7.87
306     0.97        3.478           0.299           3.299         7.38
537     2.56        3.440           0.133           3.258         9.14
2309    6.21        3.378           0.557           3.252         6.81
2641    4.04        2.191           0.167           2.364         8.12
2777    6.46        2.369           0.182           2.396         8.08
2849    2.55        2.869           0.517           2.504         8.85
2975    4.66        3.653           0.162           3.355         7.92
3146    9.01        2.915           0.334           3.042         7.22
3779    3.18        2.124           0.603           2.040         9.09
3926    4.14        2.703           0.451           2.232         8.31
4113    5.18        2.660           0.150           2.621         7.96
4640    2.73        2.039           0.103           2.097         8.76
4981    3.89        2.578           0.154           2.899         8.76
7251    3.55        3.201           0.190           3.595         7.91
7405    2.93        2.600           0.682           2.444         8.65
7446    4.77        3.073           0.133           3.039         8.09
7494    4.77        3.436           0.531           3.645         6.72
7984    4.11        3.007           0.200           3.357         6.73
8496    4.64        3.005           0.134           2.829         7.83
8759    3.85        2.414           0.344           2.681         7.63
9562    4.24        2.227           0.375           2.203         8.42
9646    3.19        4.383           0.097           3.987         8.17
