2       6.75        2.984           0.240           3.011         7.87
305     3.13        3.478           0.299           3.299         7.38
536     2.92        3.440           0.133           3.258         9.14
2307    6.73        3.378           0.557           3.252         6.81
2640    3.35        2.191           0.167           2.364         8.12
2776    7.67        2.369           0.182           2.396         8.08
2848    2.63        2.869           0.517           2.504         8.85
2972    5.71        3.653           0.162           3.355         7.92
3145    9.52        2.915           0.334           3.042         7.22
3778    2.94        2.124           0.603           2.040         9.09
3925    5.03        2.703           0.451           2.232         8.31
4110    7.88        2.660           0.150           2.621         7.96
4638    3.43        2.039           0.103           2.097         8.76
7250    4.48        3.201           0.190           3.595         7.91
7404    3.45        2.600           0.682           2.444         8.65
7445    4.72        3.073           0.133           3.039         8.09
7491    4.75        3.436           0.531           3.645         6.72
7982    5.85        3.007           0.200           3.357         6.73
8494    9.71        3.005           0.134           2.829         7.83
8757    4.33        2.414           0.344           2.681         7.63
9561    6.4         2.227           0.375           2.203         8.42
9645    3.85        4.383           0.097           3.987         8.17
