   605.63189999999997        199.61757435751949         557.59698117698133        574.52064028438713        580.55645722853524         5.6250488949207025        2.2796207770797849        1.6729202342863505     
   895.22400000000005        299.82322056508087         812.32477403298913        835.97926002933650        848.54012239019585         9.1099286509612636        3.3590373507304614        2.4711957903019739     
   1181.8872333333334        399.99720485758178         1060.4977442501529        1096.8681475614610        1112.2309185812057         11.967514731477197        4.4439476042361568        3.2428607245703960     
   1468.4692000000000        500.13967494397622         1299.9396678727094        1354.0344238403220        1376.5640929296881         14.678057355572875        5.5115301759237143        3.9665999809885477     
   2889.4381333333336        1000.7641868570959         2393.3746940708725        2585.3225399844073        2648.2002543755848         22.482985425732689        10.693402384037782        7.6379376249510713     
   4301.8503333333338        1501.1267323231571         3361.7225901646939        3712.5588197905845        3879.5955279251575         27.191578929916023        15.748846260446095        11.205885650777653     
   5708.4216999999999        2001.5359691695339         4282.9044775490329        4824.8865975636099        5037.4289010735147         30.303139541609433        20.694758561942923        14.713259724055142     
   7114.1568666666662        2501.7041814583340         5096.6066571232823        5834.2447790898532        6159.3317621567976         32.534491759427347        25.242506036849907        18.205121957642930     
   8519.1880333333338        3002.1914571160523         5852.1687418126066        6827.4849471079324        7246.3496689709755         34.059869260780872        28.264548924520572        21.411808107645651     
   11325.839133333333        4002.0047129180666         7177.2639609988028        8626.2056037446964        9287.1527236611873         36.196874690999913        34.499431013613552        27.220127757120331     
   16925.504033333335        6002.7594401448705         9431.0177060111400        11874.280187691764        13027.155749537193         38.575796158883222        43.309948118755806        37.214052132752236     
   22519.581999999999        8002.9947543944063         11162.292256271818        14720.822063463822        16403.641425894475         39.325056729670102        48.211942442069756        45.322983783928201     
