   605.63189999999997        199.61757435751949         191.45457153341468        197.53833646835119        200.84020853446944         2.0485767524341014       0.81830531487684022       0.59829301254238987     
   895.22400000000005        299.82322056508087         282.20717526868623        290.74040411141425        296.48097387120049         3.3337954436159940        1.2163871545721243       0.89138553796404885     
   1181.8872333333334        399.99720485758178         371.36959814359619        384.51691094073340        391.28337082264136         4.3861599409083736        1.6182509488544914        1.1760352738952717     
   1468.4692000000000        500.13967494397622         457.88788234836051        477.49143303991826        486.80798808327859         5.3826862920336840        2.0143677478088091        1.4438995050130958     
   2889.4381333333336        1000.7641868570959         856.62197044082768        926.90398620248698        950.39608104302170         8.2488180062017324        3.9336652041960529        2.8053707518987112     
   4301.8503333333338        1501.1267323231571         1212.4026437582577        1341.4883200690058        1402.6541780884920         9.9725206633226602        5.7908494126003802        4.1267191621150960     
   5708.4216999999999        2001.5359691695339         1551.9280590729174        1751.8259439904048        1829.2546244802288         11.109935386775147        7.5922074663197545        5.4200672948182191     
   7114.1568666666662        2501.7041814583340         1852.2618454385722        2124.5920949227293        2243.1915969172242         11.922958078923280        9.2379530157263101        6.6995985075308830     
   8519.1880333333338        3002.1914571160523         2131.2827099507185        2491.4557575208946        2644.4421434161368         12.477365625865485        10.331289139408014        7.8691778984765417     
   11325.839133333333        4002.0047129180666         2620.6108463422156        3155.3415157197182        3397.5381778557985         13.249617492730920        12.559019380307371        9.9734844094126434     
   16925.504033333335        6002.7594401448705         3451.9036592411235        4350.8131078351416        4774.7618372162078         14.100515712479943        15.677359435566135        13.548807191089795     
   22519.581999999999        8002.9947543944063         4089.0983782540325        5393.7266563651456        6013.2576292048898         14.359182417605053        17.382124695984302        16.403894869117622     
