   605.63189999999997        199.61757435751949         112.50421141728644        176.52727788516660        187.14637836443572         1.4833966555274074       0.72040618733897455       0.55316779135246885     
   895.22400000000005        299.82322056508087         172.15640345728062        258.74634716198659        275.60150841634282         2.4996485960446502        1.0681643117217863       0.82284734230168566     
   1181.8872333333334        399.99720485758178         232.50440590549312        341.24795386180659        363.15087628137491         3.3356901325201074        1.4192172879125784        1.0847448638092227     
   1468.4692000000000        500.13967494397622         292.29694052110636        422.89962226763021        451.28540183658720         4.1294854624270005        1.7654875692307532        1.3312693404904608     
   2889.4381333333336        1000.7641868570959         578.18269371087194        816.60770964578273        878.52303407153613         6.4266445809096728        3.4500782190240278        2.5871454024696630     
   4301.8503333333338        1501.1267323231571         842.34152269210756        1179.3563522154445        1295.2352385538161         7.8216506257579397        5.0936176658513661        3.8116125517095343     
   5708.4216999999999        2001.5359691695339         1099.4255403964676        1538.4912502293084        1688.5753695980729         8.7484764326589559        6.6991226888640369        5.0158416178914296     
   7114.1568666666662        2501.7041814583340         1329.7472495984050        1865.0157803698764        2070.6175369828547         9.4133147276973510        8.1728673350519596        6.2136818990642313     
   8519.1880333333338        3002.1914571160523         1545.6042212225191        2186.7126994663349        2441.3661339402693         9.8701397121437573        9.1526593759235109        7.3125188916925641     
   11325.839133333333        4002.0047129180666         1927.4951583192567        2769.8788684079800        3138.4216779584049         10.509990907466218        11.167051498221479        9.2999182444556698     
   16925.504033333335        6002.7594401448705         2583.0667998365834        3823.6678082664716        4417.4727407701484         11.221905953126694        14.006488092767510        12.706693963694224     
   22519.581999999999        8002.9947543944063         3089.3775666711172        4747.0306580461456        5572.5312659021774         11.448754629401646        15.579104568379080        15.457256586150178     
