   605.63189999999997        199.61757435751949         1041.8763213680172        754.60634396408250        601.44383748668758         9.4062176982252232        3.0612615599072668        1.9704276873523749     
   895.22400000000005        299.82322056508087         1518.0180360407392        1108.1488626224227        914.68359427323367         13.854421269292276        4.4731473774183819        3.0015383062893082     
   1181.8872333333334        399.99720485758178         1976.0917722675665        1460.7256028485929        1231.4773291354991         17.277668808842307        5.8433255638525106        4.0096282019505241     
   1468.4692000000000        500.13967494397622         2412.1131649857875        1807.1134458575643        1554.9475526478147         20.372766863421443        7.1496909634258454        4.9604437328883035     
   2889.4381333333336        1000.7641868570959         4327.8895968491970        3438.4115780446259        3155.4763049062690         28.687924284838864        12.964639866850201        9.7268571202115677     
   4301.8503333333338        1501.1267323231571         5926.7178625275865        4884.8696252750296        4733.7109169781324         33.049887925080647        17.897586057168258        14.190594806454580     
   5708.4216999999999        2001.5359691695339         7370.5253087643978        6266.8609339123459        6220.6804640816163         35.648648111442760        22.199347409531118        18.380700274851918     
   7114.1568666666662        2501.7041814583340         8588.9202816271154        7483.1736780514466        7655.2145589387565         37.319444264187965        25.877848019957916        22.324329542123749     
   8519.1880333333338        3002.1914571160523         9676.2536986667892        8646.5669979720733        9034.7433426488969         38.288257308416206        28.229304216796233        25.807979954299419     
   11325.839133333333        4002.0047129180666         11489.821119841516        10673.915136623527        11588.751197439422         39.332326207828864        32.485355935298209        31.745872749472102     
   16925.504033333335        6002.7594401448705         14333.664121412505        14099.769815380598        16126.668307399450         39.866867387084511        37.728440235266888        40.944892293091677     
   22519.581999999999        8002.9947543944063         16340.027848752519        16882.737260280093        20055.123523713290         39.278115587301841        39.920304293964456        47.425457715563965     
