   605.63189999999997        199.61757435751949         375.07549059664649        271.65829462180005        216.51979009893066         3.3862385059181097        1.1020542053583184       0.70935399563404788     
   895.22400000000005        299.82322056508087         546.48651469008826        398.93360639626883        329.28610702301791         4.9875918551343199        1.6103331198595077        1.0805538332015081     
   1181.8872333333334        399.99720485758178         711.39306628454347        525.86123792134083        443.33185610520417         6.2199610183422749        2.1035972865763348        1.4434662100603748     
   1468.4692000000000        500.13967494397622         868.36077390043920        650.56086635968836        559.78114119691645         7.3341963622665194        2.5738888491104581        1.7857598147994986     
   2889.4381333333336        1000.7641868570959         1558.0403167766683        1237.8282172829374        1135.9715149057074         10.327653152926182        4.6672705375267780        3.5016687024199822     
   4301.8503333333338        1501.1267323231571         2133.6185152923103        1758.5531349776313        1704.1359978284056         11.897960125811624        6.4431312366075932        5.1086143333217455     
   5708.4216999999999        2001.5359691695339         2653.3892165913935        2256.0700258566094        2239.4450560569298         12.833513830077454        7.9917653849954666        6.6170523618846602     
   7114.1568666666662        2501.7041814583340         3092.0114242512518        2693.9426311461789        2755.8773507266751         13.435000468966564        9.3160256573703943        8.0367589545167135     
   8519.1880333333338        3002.1914571160523         3483.4514699399633        3112.7642429600796        3252.5077325966431         13.783773178747762        10.162549921870102        9.2908731527340525     
   11325.839133333333        4002.0047129180666         4136.3357675061552        3842.6096018760509        4171.9505968566073         14.159637997471973        11.694728601414070        11.428514643938289     
   16925.504033333335        6002.7594401448705         5160.1192887532115        5075.9173352358403        5805.6008213576424         14.352072829650751        13.582239024405668        14.740161811234442     
   22519.581999999999        8002.9947543944063         5882.4102592968802        6077.7856552103267        7219.8447554276281         14.140122173306423        14.371310116891665        17.073165456029731     
