   605.63189999999997        199.61757435751949         435.47880038682098        553.07226909848748        575.39702874892578         4.1552946066943219        2.0700879618647803        1.5966247964492819     
   895.22400000000005        299.82322056508087         622.80384404995220        792.39302798527376        831.60857981117647         6.9215838242759071        3.0181989328932661        2.3382932722519612     
   1181.8872333333334        399.99720485758178         803.69425687645219        1028.6772376071049        1081.8029695340867         9.2304420755994805        3.9687245612999376        3.0532205005221282     
   1468.4692000000000        500.13967494397622         977.44204924068038        1259.9421760428036        1331.3331658404920         11.455441711752629        4.9045394329727863        3.7228426782148891     
   2889.4381333333336        1000.7641868570959         1769.4023215711504        2355.3766701011386        2522.5542914269581         17.975293274426281        9.4904793561940384        7.1327985522401711     
   4301.8503333333338        1501.1267323231571         2475.6039242898373        3351.1340179037447        3670.4360591622158         22.050562760524834        14.063266725390786        10.482125672294321     
   5708.4216999999999        2001.5359691695339         3154.8162508103674        4332.4965810796712        4749.2240475453718         24.793320965073342        18.624645158092356        13.816146767203627     
   7114.1568666666662        2501.7041814583340         3761.7199611774195        5223.9061979179323        5795.8318425341458         26.811151775686561        22.873419494152259        17.185760954123342     
   8519.1880333333338        3002.1914571160523         4331.4337026721623        6102.8710612312107        6811.9919605543146         28.226206431452137        25.698487053516413        20.311957678012671     
   11325.839133333333        4002.0047129180666         5345.3697432326626        7700.8533642492430        8727.0033923384708         30.293750472147057        31.674989376038873        26.055649155200623     
   16925.504033333335        6002.7594401448705         7113.6092274324019        10611.202367323951        12265.557904783525         32.761118100150583        40.270614398339539        36.189953943650821     
   22519.581999999999        8002.9947543944063         8509.0419495492770        13190.780255395783        15495.442538950776         33.728171408892877        45.212401477910269        44.665582968523864     
