  100.000000000000000        34.244071586035901         46.714293876497116        37.733891086781441        36.706538576347150         1.2308799281867453       0.50431643131243797       0.25203295675495263     
   200.00000000000000        68.470515847609363         91.666118751596869        76.341034218192121        73.353228476282368         1.5915108987423081       0.86953679709039511       0.49724075332210033     
   300.00000000000000        102.70711471744815         134.22969622034867        114.72737947506225        110.38332634723729         1.8051873607311686        1.1544446606148842       0.72445734851453880     
   400.00000000000000        137.07282208355235         177.89692373061180        153.32269349099246        147.58287376891258         1.9751234301243830        1.4241466297738445       0.92663349907145076     
   500.00000000000000        171.30012940230284         217.32183935442265        191.01528522758503        184.59176082262888         2.1003769890382467        1.6247865407338882        1.0928868559173559     
   600.00000000000000        205.43441085294683         257.17258208592710        227.43467158289596        220.14605563211049         2.1845509505769924        1.8031851053769778        1.2786962935543515     
   700.00000000000000        239.70429474652499         294.03247954240919        261.20052965738256        255.52350902721111         2.2534983198106562        1.9595998334187410        1.4359921253386321     
   800.00000000000000        273.95075051215866         327.19046596412699        298.29718198750078        290.76790282490759         2.3149978470832147        2.0903718290295390        1.6020307031663954     
   900.00000000000000        308.20333509825417         364.07276210248187        333.08632782623778        324.57341329515725         2.3587385762578950        2.2270762975402683        1.7784939680392839     
  1000.00000000000000        342.60066748085899         395.86414390240992        369.47438645407931        359.66579630601433         2.4002498558143697        2.3375485383465233        1.9078858947817250     
   2000.0000000000000        685.05862737485609         653.17340392483493        683.03384366895273        686.72615583873892         2.5379888024336519        3.1166262128269655        2.9013608439394800     
   3000.0000000000000        1027.3507068671152         831.41651996045437        947.13459127603051        978.83926363432170         2.5051060268349108        3.4661380856475272        3.4771424297274152     
   5000.0000000000000        1712.4980426149243         1071.2409807201702        1353.7833675668119        1475.8972612103835         2.3322831436815288        3.7274138601454059        4.1163876233202350     
   7000.0000000000000        2397.3630904581214         1215.3972515140308        1654.1178276727053        1864.5866896392931         2.1389890745712763        3.7346779580590859        4.4168611849206938     
   9000.0000000000000        3081.6448903835117         1311.0482012563393        1897.0549596853905        2190.7134096369923         1.9831111990944603        3.6682172441752687        4.5703663512290564     
