  100.000000000000000        34.244071586035901         30.881999290438333        34.193506457746665        32.668212413622314        0.90142156227034231       0.44787801407968375       0.23289585457919793     
   200.00000000000000        68.470515847609363         61.379171858161179        68.830188882903798        66.187132251988629         1.1730682720682140       0.77038331819230887       0.46278138003913405     
   300.00000000000000        102.70711471744815         90.648656548869639        103.14177368219929        100.36072698644935         1.3358126294807968        1.0215647395643950       0.67568757590867012     
   400.00000000000000        137.07282208355235         120.99317764159663        137.55925978932115        134.86799427492775         1.4672765007451256        1.2589582351217994       0.86485411942140711     
   500.00000000000000        171.30012940230284         148.62804261294062        171.11453917283939        169.31432151728850         1.5650405107696959        1.4355293306101797        1.0211726280168880     
   600.00000000000000        205.43441085294683         176.76838627651310        203.49410052821258        202.48333289161670         1.6316728557238127        1.5923506389515010        1.1942002146847890     
   700.00000000000000        239.70429474652499         202.96788640005579        233.48375972527543        235.54171981318888         1.6870070858659973        1.7297499115690582        1.3413281803368275     
   800.00000000000000        273.95075051215866         226.66798640234720        266.40269618435514        268.51591734566290         1.7365684510227075        1.8446196861147770        1.4961429938448016     
   900.00000000000000        308.20333509825417         253.16916392653707        297.24996300417916        300.17215883994123         1.7726888562075396        1.9645825645189203        1.6597669342647572     
  1000.00000000000000        342.60066748085899         276.12468036365550        329.49305974311881        333.05525293868340         1.8068174280167975        2.0614747790449117        1.7802443641664305     
   2000.0000000000000        685.05862737485609         465.33705860560065        606.67097558674368        639.82037852093788         1.9328280617279734        2.7437684683529122        2.6965197396476310     
   3000.0000000000000        1027.3507068671152         599.54977462429088        839.51916354673801        913.32858441712517         1.9220511733603782        3.0487884163389904        3.2204064235021881     
   5000.0000000000000        1712.4980426149243         783.65586848428677        1197.3852036873748        1376.3877823720773         1.8069520872978018        3.2752703221330228        3.7891491901241530     
   7000.0000000000000        2397.3630904581214         896.09671685997728        1461.3328135762381        1736.0536127313067         1.6680192049417113        3.2797753815775894        4.0463003281428609     
   9000.0000000000000        3081.6448903835117         971.39245132268752        1674.6712835796202        2036.0927822813062         1.5534799245215374        3.2201985340152501        4.1706261307836323     
