  100.000000000000000        34.244071586035901         15.514979465097181        19.125991329663609        17.407372154006215         1.3016136743373172       0.50029448700286239       0.19811363385254527     
   200.00000000000000        68.470515847609363         41.641730819592709        46.703151111000793        41.242338994679407         1.7330832200885193       0.91089868999812040       0.44144545193074147     
   300.00000000000000        102.70711471744815         72.148141139745277        77.925973366613476        68.426434719890096         2.0000209847355093        1.2416652398583721       0.68170001786524892     
   400.00000000000000        137.07282208355235         107.66243039962612        111.90612679959835        97.883423062973208         2.2200252578104251        1.5618338190839924       0.90122324230825823     
   500.00000000000000        171.30012940230284         142.59363145541209        146.97148714525710        128.81113938676347         2.3861153150567591        1.8026594041200847        1.0831050135536295     
   600.00000000000000        205.43441085294683         180.14644982194307        182.25249761986734        159.74647136818479         2.5021515981451281        2.0182098489358755        1.2910725950631257     
   700.00000000000000        239.70429474652499         216.56167191393001        215.97694197209253        191.51777421323035         2.5989393058574448        2.2086834212866555        1.4679778424583625     
   800.00000000000000        273.95075051215866         250.49856708979007        253.97539890893944        224.00644802778089         2.6857434470445836        2.3693506102976256        1.6577340114418675     
   900.00000000000000        308.20333509825417         289.38172924781981        290.38155169540397        255.84943391062922         2.7507521647191457        2.5369775807834691        1.8591380594368030     
  1000.00000000000000        342.60066748085899         323.73690490886833        329.14888709741632        289.52322966985372         2.8118300897697890        2.6723408507981383        2.0079869641736265     
   2000.0000000000000        685.05862737485609         621.32278442072777        682.01774771916655        623.79916381471321         3.0508751783917982        3.6277512032402126        3.1573656010601030     
   3000.0000000000000        1027.3507068671152         839.11423135505947        992.58762699116005        939.94538624362826         3.0466195328058339        4.0484431770258729        3.8216376521989592     
   5000.0000000000000        1712.4980426149243         1137.6316157881442        1476.8687431572498        1492.3659918748212         2.8655454855701143        4.3417412116908727        4.5346740295143055     
   7000.0000000000000        2397.3630904581214         1317.6103986889721        1832.9639277381873        1927.1608666383577         2.6383270550659508        4.3254886991905526        4.8438282728135365     
   9000.0000000000000        3081.6448903835117         1436.6723211905673        2117.9426873041411        2290.2095190087425         2.4491217585005627        4.2238209047953266        4.9808741250473210     
