  100.000000000000000        34.244071586035901         108.99488843863708        122.83810397381696        118.51627359021629         2.6167492033293760        1.3215795120978013       0.71541967120383532     
   200.00000000000000        68.470515847609363         206.03559416673659        233.82586365134702        226.70315221337350         3.3829850331223827        2.2286737736982820        1.3657502943513344     
   300.00000000000000        102.70711471744815         296.12539217166812        339.66927321025941        332.70060344296434         3.8382364422413926        2.9287160049733698        1.9589820796410122     
   400.00000000000000        137.07282208355235         387.68356530755807        443.44497303265945        437.17048778749131         4.2034971222207753        3.5870028262678253        2.4833686387700111     
   500.00000000000000        171.30012940230284         469.94714582840317        543.04577482815080        539.71477858137519         4.4739489943097164        4.0750300817140790        2.9133139484940336     
   600.00000000000000        205.43441085294683         552.90320232352849        638.06617461671226        637.24655781178251         4.6567934046200623        4.5081872093475068        3.3924036973678202     
   700.00000000000000        239.70429474652499         629.55993324611961        725.32641642282567        733.53822334340634         4.8080949717512542        4.8870870432102897        3.7971624920265539     
   800.00000000000000        273.95075051215866         698.51292716943237        820.44395801182441        828.85562987681533         4.9435158666389505        5.2030332685417449        4.2232101695569684     
   900.00000000000000        308.20333509825417         775.24894736344254        909.05437064125363        919.80111434926994         5.0411564892995901        5.5337291660031225        4.6767308975480777     
  1000.00000000000000        342.60066748085899         841.45217133734366        1001.2260233183653        1013.7852460183739         5.1336488604255184        5.8010447715582796        5.0083863661972146     
   2000.0000000000000        685.05862737485609         1380.9938342547171        1782.3685252584637        1876.7740970078225         5.4635385318634180        7.6882373501211640        7.5572549161254052     
   3000.0000000000000        1027.3507068671152         1759.9083849279505        2431.6250481971242        2637.5060342439438         5.4198182293614607        8.5411191680190459        9.0400959319550545     
   5000.0000000000000        1712.4980426149243         2277.3954100918149        3427.7430066455690        3925.1769565343798         5.0830078326780734        9.1928001218638311        10.706276081545253     
   7000.0000000000000        2397.3630904581214         2592.8207389053114        4164.5269821737975        4931.7482863013201         4.6866715026980632        9.2266603744771931        11.508188749143279     
   9000.0000000000000        3081.6448903835117         2803.9344961917495        4762.4280292081003        5778.0164218092777         4.3621659405458724        9.0782309666616339        11.932259698563016     
