  100.000000000000000        34.244071586035901         138.67735383927058        111.84415235255534        107.73915569223537         3.4620699375511941        1.4270027153262066       0.71831378712800320     
   200.00000000000000        68.470515847609363         268.55470806923535        223.52946998269550        213.20714255634189         4.4670676907516906        2.4478190462308000        1.4058438118580230     
   300.00000000000000        102.70711471744815         390.41740075680161        333.61428507487517        319.02463320902768         5.0607878411977429        3.2416584078727047        2.0398520150460491     
   400.00000000000000        137.07282208355235         514.74223104386886        443.70102612217795        424.84996954258241         5.5316660221840408        3.9910415489133317        2.6026711615923559     
   500.00000000000000        171.30012940230284         626.55293201424843        550.79953649740673        529.79262472157438         5.8781202485749864        4.5482122077361176        3.0656230922150960     
   600.00000000000000        205.43441085294683         739.24716017612741        653.98098203165159        630.36303090126228         6.1102105640249862        5.0427833674926283        3.5813336385333030     
   700.00000000000000        239.70429474652499         843.24790046472481        749.43091162158350        730.23767105996183         6.2999645499801114        5.4759019606991517        4.0181080156689220     
   800.00000000000000        273.95075051215866         936.64099248324214        854.09802439367445        829.57405410996671         6.4691386519783345        5.8379097474920929        4.4784039757585621     
   900.00000000000000        308.20333509825417         1040.3685061291144        952.09307382934378        924.72411929127247         6.5888880701155621        6.2158751030740165        4.9671618223401497     
  1000.00000000000000        342.60066748085899         1129.6632728334594        1054.4471901123279        1023.3781646881557         6.7026500267671771        6.5211023412290441        5.3256191791470675     
   2000.0000000000000        685.05862737485609         1849.5986029692049        1932.2819635019280        1938.9153105469688         7.0730327651228997        8.6694705531256258        8.0722176555622500     
   3000.0000000000000        1027.3507068671152         2346.4036594630738        2668.1651640860173        2753.0460046705825         6.9739843505709231        9.6293150453682141        9.6606633917974172     
   5000.0000000000000        1712.4980426149243         3013.4057689584502        3798.0471410865316        4134.4877853879170         6.4852300956259814        10.341719774155809        11.421345127376753     
   7000.0000000000000        2397.3630904581214         3413.7924406333668        4631.1159766572555        5212.8885823983255         5.9437751447570939        10.355474801736495        12.247688231027256     
   9000.0000000000000        3081.6448903835117         3679.2940608766348        5304.4653341216426        6117.0281902391207         5.5083724700466767        10.167624249471228        12.669423393146838     
