  100.000000000000000        34.244071586035901         43.097163468298092        53.127751582402851        48.353809617498385         3.6155933961551034        1.3897068531192935       0.55031562772282283     
   200.00000000000000        68.470515847609363         115.67146990249739        129.73097015328995        114.56204821071157         4.8141198645054963        2.5302740383396163        1.2262373177479882     
   300.00000000000000        102.70711471744815         200.41149520232179        216.46102852809341        190.07342222463328         5.5556136257272417        3.4490699736639625        1.8936110854914752     
   400.00000000000000        137.07282208355235         299.06229478196019        310.85033986902380        271.89838659287665         6.1667365822070721        4.3384271028396970        2.5033977958246343     
   500.00000000000000        171.30012940230284         396.09340497014023        408.25411473648649        357.80870630074685         6.6280978340029426        5.0073870346911979        3.0086249180969573     
   600.00000000000000        205.43441085294683         500.40678517657386        506.25691771612236        443.74018061230720         6.9504208297737105        5.6061382464983671        3.5863126215569729     
   700.00000000000000        239.70429474652499         601.56017585706297        599.93592608316737        531.99379611943903         7.2192755627357750        6.1352314820040919        4.0777160670171346     
   800.00000000000000        273.95075051215866         695.82932537742147        705.48719115795620        622.24010868490200         7.4603981675631887        6.5815292115225095        4.6048165154706693     
   900.00000000000000        308.20333509825417         803.83810485784295        806.61538932410633        710.69284373357368         7.6409779317056339        7.0471596665918526        5.1642721821147131     
  1000.00000000000000        342.60066748085899         899.26914456866677        914.30242782837547        804.23116157009633         7.8106388278825571        7.4231687350246016        5.5777413455094207     
   2000.0000000000000        685.05862737485609         1725.8965548099432        1894.4936683839367        1732.7753861865624         8.4746529365581491        10.077086275239894        8.7704596544379729     
   3000.0000000000000        1027.3507068671152         2330.8727722546028        2757.1877431924249        2610.9593024820997         8.4628316992889872        11.245675044875629        10.615659723168676     
   5000.0000000000000        1712.4980426149243         3160.0876960631308        4102.4130124215581        4145.4609238153525         7.9598482547322176        12.060391775459877        12.596316248118132     
   7000.0000000000000        2397.3630904581214         3660.0287398106693        5091.5662636187435        5353.2244168329671         7.3286859728563112        12.015245909197578        13.455078000936449     
   9000.0000000000000        3081.6448903835117         3990.7562891731686        5883.1738976240649        6361.6928555666564         6.8031157255035533        11.732835380432842        13.835760908681008     
