   300.00000000000000        108.01531189790478         325.86697957622675        353.01441301725907        340.20025556245389         3668.3145933926712        8.4388140241031842        2.4553837044529083     
   350.00000000000000        126.16912580576455         379.28924816582327        409.84830450248603        397.06596386659459         33651.896796198373        9.9692787879717439        2.8923403433907784     
   400.00000000000000        144.22680097808518         436.84612400997207        464.24628787054127        449.76219148378163         47440.897723116657        11.590537237266574        3.3938501256072504     
   450.00000000000000        162.29547292201659         494.03973198802890        517.16157072802639        507.03537018221908         58038.317073487851        13.535941992625677        3.7034534891432669     
   500.00000000000000        180.14054107394406         550.67191379755354        578.19698218979704        560.88334755043365         58039.490347543171        17.346921376156047        4.2002922951465420     
   550.00000000000000        198.13155969710303         601.43406369119168        629.22059979140454        612.88987907201476         58040.289019811149        75.243224661738481        4.5717437058538515     
   600.00000000000000        216.10718415431549         660.15741857626961        685.57500444876041        668.01160220460440         58042.933371146370        74.996480994172998        4.7913545729109774     
   650.00000000000000        234.06638139004960         712.57980287898090        740.02834118941564        719.70627720606728         66947.314248529146        18.432802560190694        5.8066118132736513     
   700.00000000000000        252.18194403173280         777.30379931218636        792.71511746559486        774.82049312978938         66949.058826516601        75.831544655144754        5.8507898698625782     
   750.00000000000000        270.15627237515929         833.84459173875132        849.05634172769851        829.18650161156108         66949.071401703783        20.605729702784934        6.2419551245950791     
   800.00000000000000        288.19263279926128         894.91594884308984        905.46591606640925        884.02352440270340         66991.499082323600        20.816312773920416        6.8288288991769459     
   850.00000000000000        306.17834432462803         957.91580107139703        956.22737210182584        933.33217773656054         67033.427535548646        68.643711846754385        7.4639575164649070     
   900.00000000000000        324.25650154101288         1016.5554641619581        1013.3333723225187        986.27439788502977         67075.333063265658        76.736134374226168        7.5902876423099794     
   950.00000000000000        342.34832850630573         1079.4721644425244        1070.7678021941890        1043.7283687129748         67163.404219598859        87.897375494938089        8.1335088966604108     
  1000.00000000000000        360.47141481155910         1134.9853745136313        1135.7919579848030        1097.6486400395495         74992.856407369996        88.328372761251600        8.6336002019782523     
   1500.0000000000000        540.38399975997231         1735.0471815593537        1687.5985593980565        1641.6085389961322         94704.497406935872        127.54523274865157        12.718714114761328     
   2000.0000000000000        720.53057614527086         2396.1159540495801        2270.0511889720051        2192.6252104629839         100489.60287534723        134.73749640228817        22.845288615780799     
   2500.0000000000000        900.72468837596671         3091.5820233979402        2857.8962002384992        2737.6707429938356         116029.61729368690        225.12458114235170        24.943354542637412     
   3000.0000000000000        1080.9651295241113         3819.3855434292695        3441.3776590956581        3316.5062783475537         133884.30593971320        248.69729926100297        31.480310054988916     
   3500.0000000000000        1261.1313694910000         4555.6877060292018        4046.3784574278498        3913.3741367901021         145863.21864965439        285.94445093523717        36.976665259178318     
   4000.0000000000000        1441.5095927128989         5381.7925121517819        4661.5870951676416        4476.3368340166735         153304.29737508140        220.67709262788100        77.794141976251765     
   4500.0000000000000        1621.6645171540749         6276.0524974027949        5293.8218928463530        5075.1562666743794         163888.30790124839        307.70252892555789        66.405346209789883     
   5000.0000000000000        1802.2353204873639         7148.1809141639933        5981.5269014914466        5671.5408668645632         167367.62571995251        328.30611664492255        72.573994153996964     
   7500.0000000000000        2702.6085469183299         12089.321902708014        9253.8896902557390        8757.4209298623919         224193.36581817325        763.18011326858186        107.09581348817446     
  10000.0000000000000        3602.0059840063118         17174.865630355267        12811.387299351823        11861.130783285425         254472.78315208422        1575.2740347000877        154.29516814248066     
