   300.00000000000000        108.01531189790478         83.243605127407776        82.127817157151654        70.461513694521017         10.212047836689875        2.6644683897711277       0.89758645853772134     
   350.00000000000000        126.16912580576455         104.24696612685337        100.59167567738893        86.305149434592110         11.172940942888214        3.0267068775898598        1.0725014294231290     
   400.00000000000000        144.22680097808518         128.23489682477279        119.04841929966560        101.58233099351438         11.862462182859318        3.3952737879534025        1.2775135160953368     
   450.00000000000000        162.29547292201659         153.27957701531051        137.65537083956644        118.76299675141890         12.504519600340908        3.7674226934554129        1.4075790093621952     
   500.00000000000000        180.14054107394406         179.10961151373007        159.83234218407287        135.40868716232993         12.987173557982072        4.1469719341333180        1.6186403745862756     
   550.00000000000000        198.13155969710303         203.02823436849891        178.90111215421572        151.89594438623564         13.517397426874274        4.5702609959901563        1.7771828745242604     
   600.00000000000000        216.10718415431549         231.49373149357967        200.46903050300378        169.77342265806942         14.079535073064038        4.6555110701660016        1.8774623218276569     
   650.00000000000000        234.06638139004960         257.54377755223226        221.77048220296010        186.88561727789664         14.567561327700023        4.9517637616697066        2.2505459861843677     
   700.00000000000000        252.18194403173280         290.43743514999494        242.77545335240967        205.47008162593713         15.024922495521327        5.3581707043997993        2.2682497899847283     
   750.00000000000000        270.15627237515929         319.75456347474631        265.63137513178447        224.12086648377141         15.443194157854919        5.4386863622016897        2.4562556060595409     
   800.00000000000000        288.19263279926128         351.95531005895191        288.88999825531982        243.23059134267874         15.814868372366181        5.7132971595419306        2.7023595929713289     
   850.00000000000000        306.17834432462803         385.68312613194485        310.11551548111299        260.65158157661233         16.159293093046799        6.0989718856101733        2.9194569906340946     
   900.00000000000000        324.25650154101288         417.48401040762730        334.30315259256406        279.59081271903096         16.531851032927154        6.3824380514644785        3.0053194574914794     
   950.00000000000000        342.34832850630573         451.98525069911688        358.93518606155124        300.40131142690387         16.954531986930096        6.7871122996281024        3.1904159798600871     
  1000.00000000000000        360.47141481155910         482.71299184847169        387.16207776313581        320.15993721228341         17.309071396894492        7.1433052730640894        3.4011061680761494     
   1500.0000000000000        540.38399975997231         824.75247775101616        637.58219927576999        529.26429457819040         20.087639837257761        9.3825353518659842        4.9477723403293155     
   2000.0000000000000        720.53057614527086         1205.6301859667772        914.56571106599961        753.47615871630012         21.860167381161965        11.652458570651463        6.6207778264029962     
   2500.0000000000000        900.72468837596671         1596.7469308059035        1199.5724180660980        982.38708706079797         23.478809108729305        13.449960828916774        8.0735556747614599     
   3000.0000000000000        1080.9651295241113         1989.1577607156783        1483.4929777305820        1229.8407855247367         24.743428777142036        15.040904687107620        9.4708377838071094     
   3500.0000000000000        1261.1313694910000         2366.3727386559890        1776.1744708533015        1487.2649895115824         25.640465034291275        16.508943777568287        10.764774172362756     
   4000.0000000000000        1441.5095927128989         2765.7594493008755        2070.1849720008945        1730.6229759237797         26.338234614739097        17.582967732121311        12.114254339656243     
   4500.0000000000000        1621.6645171540749         3170.9647393129144        2367.3213553478777        1988.9155645460023         26.984443614736438        18.872026236741657        13.025051874866874     
   5000.0000000000000        1802.2353204873639         3540.9221419865612        2683.8778522765328        2244.7360624377102         27.432249962110458        19.967726088258726        13.937832582154915     
   7500.0000000000000        2702.6085469183299         5261.1963053540012        4085.1418511498391        3527.9631756186163         28.827884811152281        23.723919885328215        18.342095035979039     
  10000.0000000000000        3602.0059840063118         6567.4364366626169        5417.3110368482494        4731.2573449923602         29.156512686082873        26.238492049458987        21.828699232467251     
