   300.00000000000000        108.01531189790478         100.44983874329213        107.53045423982850        102.81413053662293         699.36881259784661        2.6445916382328671       0.85238707682354320     
   350.00000000000000        126.16912580576455         118.19118434359815        126.34818453702815        121.54154475413502         5015.4955426314900        3.0980732542984435        1.0047604686473592     
   400.00000000000000        144.22680097808518         137.47230711113491        144.52969748413076        139.07034452741661         7056.1916107859179        3.5560426414528097        1.1801156437402203     
   450.00000000000000        162.29547292201659         156.77525975138235        162.35252722466484        158.28416006910186         8626.0495621931368        4.0876645091346404        1.2915418493496014     
   500.00000000000000        180.14054107394406         176.00841112685387        183.05539289257689        176.48297543265505         8626.4912970072892        4.8862033255524038        1.4675504369688155     
   550.00000000000000        198.13155969710303         193.33556338112001        200.46679701676172        194.16772371674568         8626.7974258284230        12.721149670365900        1.6006368167989486     
   600.00000000000000        216.10718415431549         213.47031451148197        219.79474704678358        213.01480380197532         8627.6584190897665        12.638224978854369        1.6830150513390094     
   650.00000000000000        234.06638139004960         231.51671122014457        238.55735400642726        230.77625938974640         9944.4692156197198        5.3768029958317500        2.0140737585160475     
   700.00000000000000        252.18194403173280         253.88045804631406        256.78388012974290        249.79502264161337         9945.0960655560684        13.049100070211022        2.0316537539380075     
   750.00000000000000        270.15627237515929         273.48285675547231        276.34572731627912        268.63076261853649         9945.1098664331948        6.0016968594335092        2.1787923073563249     
   800.00000000000000        288.19263279926128         294.71736973831929        295.99772157210799        287.69805174235586         9955.1775758171570        6.1371099963495714        2.3843767301179151     
   850.00000000000000        306.17834432462803         316.68196690362691        313.73349465465452        304.89643096043125         9965.0634282324772        11.937528000462862        2.5855142590177733     
   900.00000000000000        324.25650154101288         337.17495783382964        333.73895284418762        323.41352908255686         9974.9422561796546        13.544328855611301        2.6445558552765505     
   950.00000000000000        342.34832850630573         359.20928498957710        353.91090891155653        343.56368154123771         9996.0979357547658        15.653097368643307        2.8161194132048255     
  1000.00000000000000        360.47141481155910         378.68696204545057        376.80482676494415        362.52209657522945         11152.726436891056        15.858213880976930        2.9914233472778138     
   1500.0000000000000        540.38399975997231         590.72383926555551        572.79868549380490        555.64193287773946         14071.220039346801        21.608260901620064        4.3458758838197920     
   2000.0000000000000        720.53057614527086         825.96471090054661        781.48693699315959        753.23281211130723         14935.980488185478        24.091697470839250        6.4702527603449393     
   2500.0000000000000        900.72468837596671         1073.9977814439064        992.70791142084408        949.39638063613586         17246.391782212078        35.044026684132817        7.6318829132818333     
   3000.0000000000000        1080.9651295241113         1333.4783375419663        1202.2781685977814        1157.7557294436726         19892.155409313909        40.225415167142351        9.2415967504643319     
   3500.0000000000000        1261.1313694910000         1595.5357070226989        1419.0777875813471        1372.1551218486804         21669.140545219940        46.486070390397778        10.722521058615079     
   4000.0000000000000        1441.5095927128989         1888.7806070305792        1638.7515840052408        1573.6675436388855         22771.522739617998        40.865908890071040        14.745407081840478     
   4500.0000000000000        1621.6645171540749         2205.1529021829488        1863.5088232796595        1787.0601719788285         24344.211769139776        52.391166410103182        14.657964186236866     
   5000.0000000000000        1802.2353204873639         2512.5633031911689        2106.7141218567745        1998.4725223375881         24870.659121459681        56.415925998044401        15.698139286850864     
   7500.0000000000000        2702.6085469183299         4233.3146287258878        3244.3141465678905        3072.2745348300314         33287.457222952340        100.16176471789372        22.973340116211396     
  10000.0000000000000        3602.0059840063118         5971.2873821567464        4444.5308777940963        4116.9275753230131         37783.584711996380        164.98341809830563        31.075836795447362     
