   300.00000000000000        108.01531189790478         231.23222727667843        228.13281637134872        195.72641915175592         28.366798419165438        7.4013007885963180        2.4932956190856737     
   350.00000000000000        126.16912580576455         289.57489440125352        279.42131022287509        239.73651668092702         31.035945830320816        8.4075187703315102        2.9791705189048505     
   400.00000000000000        144.22680097808518         356.20803258104445        330.69004046974061        282.17313043609823         32.951282531909627        9.4313157028815269        3.5486485148097451     
   450.00000000000000        162.29547292201659         425.77658590146552        382.37601491564908        329.89720008944886         34.734775287377950        10.465062621531874        3.9099415373056519     
   500.00000000000000        180.14054107394406         497.52667887931625        443.97871064696244        376.13522717131207         36.075480671994832        11.519366025965144        4.4962230840758135     
   550.00000000000000        198.13155969710303         563.96729528022786        496.94751401479033        421.93316208453706         37.548324693725370        12.695168928845250        4.9366188997371125     
   600.00000000000000        216.10718415431549         643.03811748568228        556.85839593633477        471.59282197744443         39.109818093315596        12.931974681035072        5.2151729089556076     
   650.00000000000000        234.06638139004960         715.39935366211785        616.02909275164791        519.12669403258258         40.465446524547865        13.754898791400910        6.2515163798769597     
   700.00000000000000        252.18194403173280         806.77062113624618        674.37623251494517        570.75020405913881         41.735894162457313        14.883806920792292        6.3006936107016074     
   750.00000000000000        270.15627237515929         888.20708546900562        737.86490160150663        622.55793771669073         42.897759844993317        15.107461516910293        6.8229319679354035     
   800.00000000000000        288.19263279926128         977.65360020418052        802.47218548850867        675.64050465989942         43.930188177610603        15.870269256988717        7.5065541266366793     
   850.00000000000000        306.17834432462803         1071.3419744618750        861.43195321730570        724.03214227569288         44.886923474817266        16.941587897941176        8.1096024295146929     
   900.00000000000000        324.25650154101288         1159.6777606063997        928.61983141264113        776.64111558080742         45.921806600028994        17.728993882914249        8.3481092724189274     
   950.00000000000000        342.34832850630573         1255.5145353856594        997.04214388541379        834.44805413896859         47.095920314493206        18.853088972034854        8.8622662585676188     
  1000.00000000000000        360.47141481155910         1340.8693685199487        1075.4501732741603        889.33312358408614         48.080751969705297        19.842513858929784        9.4475167581343023     
   1500.0000000000000        540.38399975997231         2290.9790138286071        1771.0615942792519        1470.1785376308826         55.798997330685523        26.062597163993146        13.743811510340223     
   2000.0000000000000        720.53057614527086         3348.9726057203884        2540.4602075678467        2092.9892465995799         60.722684756991541        32.367939187845188        18.391048786991512     
   2500.0000000000000        900.72468837596671         4435.4079648802326        3332.1454733315963        2728.8529111784555         65.218911599348871        37.361000817954213        22.426542649853541     
   3000.0000000000000        1080.9651295241113         5525.4380046490378        4120.8136632829710        3416.2242684868238         68.731743872018797        41.780289137321446        26.307881687416252     
   3500.0000000000000        1261.1313694910000         6573.2573461799675        4933.8177785402004        4131.2914733693997         71.223511153974258        45.858175337671689        29.902149290580862     
   4000.0000000000000        1441.5095927128989         7682.6648316652045        5750.5135826087162        4807.2858532083446         73.161759911532315        48.841575092880319        33.650705161886208     
   4500.0000000000000        1621.6645171540749         8808.2350369725045        6575.8923924416176        5524.7652375377820         74.956784840196903        52.422293018984924        36.180698214716408     
   5000.0000000000000        1802.2353204873639         9835.8944480082300        7455.2159600800360        6235.3777034442128         76.200691311253564        55.465903596701693        38.716200078653621     
   7500.0000000000000        2702.6085469183299         14614.433600813476        11347.615802280257        9799.8973206387800         80.077454626763213        65.899774840623479        50.950261964249449     
  10000.0000000000000        3602.0059840063118         18242.878265822637        15048.085615510161        13142.380991636366         80.990309798630804        72.884697241208642        60.635273236313431     
