   300.00000000000000        108.01531189790478         430.77240089985071        347.66790526281966        326.57745820593664         694.37958507388009        8.4340567484418294        2.5717254833565644     
   350.00000000000000        126.16912580576455         503.33490188413788        407.87149831122224        384.07745355436396         3206.7364772702799        9.8864114504242178        3.0343631506129589     
   400.00000000000000        144.22680097808518         581.56279401110658        465.96510511659233        437.68521945261676         4477.4993038484154        11.357906123969697        3.5663112834769675     
   450.00000000000000        162.29547292201659         659.29329147291435        522.85224896187503        496.25103389523377         5458.1616601095684        13.071722626995316        3.8982842244830902     
   500.00000000000000        180.14054107394406         736.21767387649788        588.86733456592560        551.56385657486089         5459.6094524548807        15.703604922314167        4.4289496217742261     
   550.00000000000000        198.13155969710303         805.10836165838236        644.33999432277380        605.18715414913027         5460.6535745819083        42.761983494332775        4.8271592032520010     
   600.00000000000000        216.10718415431549         884.71068698993486        705.87450678588232        662.21525604614681         5462.8938043380967        42.497353751986672        5.0672954886489041     
   650.00000000000000        234.06638139004960         955.67298257042830        765.56937332553912        715.85953633366842         6281.2450846649126        17.227836818776129        6.1125101135144835     
   700.00000000000000        252.18194403173280         1043.1428895644869        823.52498162126494        773.20767432806144         6283.1340012050232        43.756710103863931        6.1604165217054936     
   750.00000000000000        270.15627237515929         1119.4118461627738        885.69321759028173        829.91960373481936         6283.2538504139047        19.234402021034068        6.5906949661316219     
   800.00000000000000        288.19263279926128         1201.6340004191075        948.11641742819575        887.25294953329251         6297.8167248743612        19.647703895791491        7.2158049962552679     
   850.00000000000000        306.17834432462803         1286.2726009575617        1004.4281366249675        938.90830465504200         6311.8275869934450        39.911947854754580        7.8597870646939434     
   900.00000000000000        324.25650154101288         1364.8836630273252        1067.9204114683291        994.46895480250816         6325.8256274901050        45.262829105058536        8.0156147214994729     
   950.00000000000000        342.34832850630573         1449.0419130618532        1131.9157107153749        1054.8709790928613         6357.3549485695939        52.305976117355648        8.5652657580532328     
  1000.00000000000000        360.47141481155910         1523.1340408085985        1204.5181515828422        1111.6507190404532         7073.8576632227032        52.936253594660542        9.0976486641767220     
   1500.0000000000000        540.38399975997231         2314.0297537984698        1825.1465442296437        1688.1992187994781         8897.7952502762837        72.449118920095984        13.330000006149193     
   2000.0000000000000        720.53057614527086         3164.6357496476921        2484.8407662260261        2276.5004821271527         9459.1418676851335        80.275799334005157        21.555379318911360     
   2500.0000000000000        900.72468837596671         4037.9847557066537        3151.9249467527707        2860.4472191385330         10924.919757759902        118.23750212038176        24.662763770576703     
   3000.0000000000000        1080.9651295241113         4930.7546646808496        3813.4912049385089        3481.4519981298454         12581.704676482790        135.29348562621072        30.446731817043538     
   3500.0000000000000        1261.1313694910000         5814.2320961536916        4497.7538649207827        4121.8287885665823         13698.553391026344        156.37665193237706        35.600959724207790     
   4000.0000000000000        1441.5095927128989         6784.3507874567977        5191.0888135944815        4725.3105254842540         14389.605091054122        135.85395853115503        58.572004311148767     
   4500.0000000000000        1621.6645171540749         7811.9874509876718        5900.5624085759509        5366.2883897351912         15384.186549765964        175.47333423178887        54.264811967975533     
   5000.0000000000000        1802.2353204873639         8793.9564362831861        6668.4531322785006        6003.4229937067530         15738.573962106673        188.82534964550604        58.370641633260206     
   7500.0000000000000        2702.6085469183299         14057.926259503642        10264.141255095039        9274.9937021809237         20998.114491653279        342.88011954343864        87.042828352117326     
  10000.0000000000000        3602.0059840063118         19084.191271361840        14066.227950862651        12517.675335447459         23833.671299260513        577.05710754836082        122.38246064287630     
