   300.00000000000000        108.01531189790478         148.38089456785374        119.64439815413114        113.03346344855274         230.35835724048994        3.0130491834731199       0.91653531362976126     
   350.00000000000000        126.16912580576455         173.88208481948834        140.74254609732924        133.23433271342080         1024.6174538283153        3.5314500897123562        1.0830627019539227     
   400.00000000000000        144.22680097808518         201.44310826214760        161.14790448083647        152.10358539395665         1429.1904969813659        4.0549572296459662        1.2747256900477550     
   450.00000000000000        162.29547292201659         228.88868390384576        181.16767548987377        172.75193183918603         1741.5281399274893        4.6628557588819799        1.3940173159194647     
   500.00000000000000        180.14054107394406         256.09999733412076        204.44100476061510        192.28185681620477         1742.0588592368449        5.5762932722793357        1.5854342194581212     
   550.00000000000000        198.13155969710303         280.50668874643060        224.02792992794429        211.23865679922906         1742.4431199158748        14.518341123282498        1.7288313165998284     
   600.00000000000000        216.10718415431549         308.74704719302247        245.78406028797727        231.42180912125261         1743.2500312235329        14.422940395159202        1.8151593872446699     
   650.00000000000000        234.06638139004960         333.95352625722222        266.91590011876735        250.42670967236086         2003.7338497729929        6.1348048508601334        2.1924864785757325     
   700.00000000000000        252.18194403173280         365.05997471200112        287.45439069668606        270.76266945312364         2004.4213773484221        14.892871313409449        2.2091847396230500     
   750.00000000000000        270.15627237515929         392.21257691714032        309.50810636867413        290.89059359244510         2004.4683352890722        6.8492690485653336        2.3645969158181468     
   800.00000000000000        288.19263279926128         421.51234306050816        331.67359738491012        311.25539256337061         2009.4519747458455        7.0033169784232641        2.5904141383755066     
   850.00000000000000        306.17834432462803         451.70053265172044        351.68589759792530        329.61638642579311         2014.2348871785409        13.621903212259626        2.8224274540880820     
   900.00000000000000        324.25650154101288         479.76150627575186        374.26783901850092        349.37833711606470         2019.0134561019361        15.458716118257788        2.8788719560521248     
   950.00000000000000        342.34832850630573         509.82470640799437        397.04638908672229        370.87632679767000         2029.8353993999820        17.868492226817892        3.0768093932993614     
  1000.00000000000000        360.47141481155910         536.30949841284064        422.90848297589042        391.09754625812189         2257.8159286347636        18.103030690106078        3.2690577360684299     
   1500.0000000000000        540.38399975997231         819.78961676385234        644.65898705515974        596.96731650722074         2838.8986091416205        24.662971196478036        4.7954644171922354     
   2000.0000000000000        720.53057614527086         1125.6761336043267        881.26984652742954        807.74881397808986         3018.6900097238126        27.505750254713892        7.6913859635507640     
   2500.0000000000000        900.72468837596671         1440.3313824398385        1121.1130215206381        1017.4319839393117         3486.5960908613542        39.989962254129743        8.8424796231235785     
   3000.0000000000000        1080.9651295241113         1762.3265432470978        1359.3481329841129        1240.7687529892235         4014.5084431316236        45.914587141687463        10.897983184721221     
   3500.0000000000000        1261.1313694910000         2081.1527579351664        1606.0189410169764        1471.3372279541957         4370.5489535994320        53.063403301652926        12.739248310567337     
   4000.0000000000000        1441.5095927128989         2431.3396912100020        1856.1414490506584        1688.7983309161073         4590.8139200891246        46.676895754389939        20.434889183098932     
   4500.0000000000000        1621.6645171540749         2802.3084498169742        2112.2073784175222        1919.9061691492261         4908.1393621863635        59.822386891721663        19.119604148320118     
   5000.0000000000000        1802.2353204873639         3156.7528790553870        2389.4385973393896        2149.7269799652368         5022.1132343510817        64.422539055517845        20.546122215725376     
   7500.0000000000000        2702.6085469183299         5055.0346961078030        3687.6338583961192        3330.4538921945459         6697.4609597352073        114.22546622274533        30.637610187468372     
  10000.0000000000000        3602.0059840063118         6863.8554957454526        5058.8937416159524        4500.5423394576655         7601.8001234912363        187.87468598717061        42.914439862099037     
