   605.63189999999997        199.61757435751949         183.12715924831377        347.90682354446886        429.94957783916834         3.9201777410576626        1.4807268663272641        1.2447387905451501     
   895.22400000000005        299.82322056508087         287.35433026399897        512.98431946851531        628.37852762671980         44.518728746957748        2.2612079128242084        1.8607240607318181     
   1181.8872333333334        399.99720485758178         396.95050006405592        681.07611969714083        824.98536063624420         276.27577219203954        3.1049763022366168        2.4728510939747044     
   1468.4692000000000        500.13967494397622         509.43701709165782        849.87941671649821        1023.6017993207905         130.17084447697462        3.9857315983250978        3.0637454725747082     
   2889.4381333333336        1000.7641868570959         1098.4041757834871        1698.1855531580968        2002.7371235345636         3041.5926216359208        9.1659121504702288        6.3062875194721668     
   4301.8503333333338        1501.1267323231571         1717.4518698266581        2530.7881651349753        2990.4738097221566         3748.5011957767761        16.852040279461601        9.9006734083544305     
   5708.4216999999999        2001.5359691695339         2392.1894386959248        3404.6072930861928        3956.2609462274140         6422.5762222327812        35.683427620016303        13.919786806536408     
   7114.1568666666662        2501.7041814583340         3061.7166087551623        4243.4017160513449        4927.4660660601967         7396.3646315104606        56.557530339923694        18.644661003239204     
   8519.1880333333338        3002.1914571160523         3749.6888530275464        5112.8134250246976        5902.7498012316746         8810.4409297609709        57.659661417942523        23.988563990600923     
   11325.839133333333        4002.0047129180666         5126.6744036991704        6804.1637958932433        7828.8002149541508         9811.7509261969190        103.92712589581085        33.891459577498814     
   16925.504033333335        6002.7594401448705         8064.4292541252880        10278.471060503991        11705.066754302019         13682.060838426432        148.99659987515602        62.069995204177317     
   22519.581999999999        8002.9947543944063         10972.350205221112        13836.320416749211        15633.407229311801         16116.445453774366        386.15297758543471        93.711300716925152     
