   605.63189999999997        199.61757435751949         2727.4355962131217        2152.5882810343746        1971.6511264493533         22.474585108325240        8.6318347890556133        5.7035043879374268     
   895.22400000000005        299.82322056508087         3911.2491835308970        3151.7486492352650        2888.3174696432302         32.541261384130621        12.576172354214707        8.3636415987034827     
   1181.8872333333334        399.99720485758178         5035.1367773113734        4145.6901065750781        3786.7422518518129         40.224492079392967        16.393145677004810        10.884195873485005     
   1468.4692000000000        500.13967494397622         6094.6223334584147        5120.3640959858803        4682.8371099243641         47.140633088351436        20.025334594120928        13.199843428013889     
   2889.4381333333336        1000.7641868570959         10668.636575774237        9694.3482746734207        8920.9123636662698         65.546405614775963        36.140998261826283        24.333782330245864     
   4301.8503333333338        1501.1267323231571         14417.290268006169        13735.282968753068        12906.709409827239         75.040214854794343        49.762970359280786        34.268407466886657     
   5708.4216999999999        2001.5359691695339         17765.242952196804        17587.342367173726        16552.227684459845         80.609350647430617        61.613709502452103        43.315257201108615     
   7114.1568666666662        2501.7041814583340         20568.697977355652        20972.096362668461        19995.279177391440         84.146729202438181        71.736997805779041        51.631063147867906     
   8519.1880333333338        3002.1914571160523         23056.335724566510        24205.591979321496        23251.951496350674         86.139632816992048        78.197940111327554        58.878593081622647     
   11325.839133333333        4002.0047129180666         27179.855332684394        29832.537848200096        29169.171737533205         88.190561565509668        89.873573676630528        70.965068335539542     
   16925.504033333335        6002.7594401448705         33592.089653444513        39322.952856964301        39410.831454564614         88.987291236568936        104.22070161474544        89.210028654156972     
   22519.581999999999        8002.9947543944063         38082.985869384465        47019.023334477912        48066.275973200820         87.424566124512879        110.17947372333818        101.62417656922530     
