   605.63189999999997        199.61757435751949         142.51681258420629        171.96765019769504        185.01915636654277         1.6946350604861942       0.70027479088788624       0.53960170741574764     
   895.22400000000005        299.82322056508087         207.36529625343931        251.36511655831222        271.20343550632884         7.1536511306313670        1.0473666074855827       0.80369791467658780     
   1181.8872333333334        399.99720485758178         271.21824546225452        331.22315026684544        356.47021963018847         24.332371302471717        1.4083072240211230        1.0628880141439225     
   1468.4692000000000        500.13967494397622         333.57620089507878        410.54085263958456        442.39368937535488         18.001068180998953        1.7739733973420293        1.3098045475448861     
   2889.4381333333336        1000.7641868570959         629.41098281831387        798.28294829335266        861.82064805281220         163.44048809018224        3.7320194863644605        2.6157621433822302     
   4301.8503333333338        1501.1267323231571         908.76715139027806        1164.7101093549711        1277.3443164102287         204.49464454517584        6.1250175612649862        3.9793332303352771     
   5708.4216999999999        2001.5359691695339         1191.7437270349005        1537.2040272545937        1676.4274273825815         340.56097622816242        9.7342568315182962        5.4207648438170075     
   7114.1568666666662        2501.7041814583340         1457.2275574534096        1884.9065421849425        2070.9779307305857         390.69799052362237        13.624050503160936        6.9998003851183528     
   8519.1880333333338        3002.1914571160523         1718.0937420001878        2236.4144239183247        2460.7848167136071         465.11957947179013        14.951451840102413        8.6069398237163810     
   11325.839133333333        4002.0047129180666         2213.0112417248624        2897.9241820859397        3213.2995634051204         520.26005000840496        22.471542094482270        11.663580479352230     
   16925.504033333335        6002.7594401448705         3185.9323584375466        4182.0895562756978        4667.0416287022381         722.16667861417432        32.280897482558743        18.604488179525092     
   22519.581999999999        8002.9947543944063         4074.9961064938279        5416.1701090655297        6070.8473315724796         848.73295339300944        50.919869763970830        25.941900391362477     
