   605.63189999999997        199.61757435751949         981.87685365300297        774.93181196539729        709.79443372646278         8.0908509604985657        3.1074606475394111        2.0532616612467574     
   895.22400000000005        299.82322056508087         1408.0497620219912        1134.6295588108214        1039.7943303892757         11.714854563793480        4.5274222274208942        3.0109110951760818     
   1181.8872333333334        399.99720485758178         1812.6493118603037        1492.4484976716008        1363.2272648364351         14.480817723997314        5.9015326782275439        3.9183106701542814     
   1468.4692000000000        500.13967494397622         2194.0641272293010        1843.3311478023129        1685.8214265612933         16.970628586158671        7.2091207403482604        4.7519438229103361     
   2889.4381333333336        1000.7641868570959         3840.7093198947955        3489.9655175611961        3211.5285785345322         23.596706958968205        13.010759891258573        8.7601619869860663     
   4301.8503333333338        1501.1267323231571         5190.2247027232124        4944.7020652359033        4646.4155721697653         27.014478421184936        17.914670041206232        12.336627178292604     
   5708.4216999999999        2001.5359691695339         6395.4877169246884        6331.4435037714920        5958.8022031870605         29.019367386200877        22.180936302274013        15.593493212028848     
   7114.1568666666662        2501.7041814583340         7404.7315660856193        7549.9549905688909        7198.3007898956812         30.292823716605838        25.825320236286707        18.587183471820733     
   8519.1880333333338        3002.1914571160523         8300.2811906674724        8714.0134588195087        8370.7028713080763         31.010269046354502        28.151259558708560        21.196294351649083     
   11325.839133333333        4002.0047129180666         9784.7483085773310        10739.714052109912        10500.902242780303         31.748603425160042        32.354487809238734        25.547425615957625     
   16925.504033333335        6002.7594401448705         12093.152755778721        14156.263591026500        14187.899887419726         32.035426118138602        37.519454072197782        32.115611591656339     
   22519.581999999999        8002.9947543944063         13709.875457759890        16926.849073024572        17303.860037945888         31.472845055443656        39.664612116531558        36.584705018667108     
