   605.63189999999997        199.61757435751949         65.893042989722403        125.26022549521905        154.82331403464184         1.4124154706875984       0.53362696795853704       0.44857885545985127     
   895.22400000000005        299.82322056508087         103.43866464961840        184.74505565098730        226.33177717436800         15.915686274825619       0.81498884705626096       0.67065334701153623     
   1181.8872333333334        399.99720485758178         142.92841833532896        245.32548851464304        297.19279885515027         98.210299664977398        1.1191186805934534       0.89132123592403956     
   1468.4692000000000        500.13967494397622         183.46604643370580        306.16789216124408        368.78328932038966         46.472933768385957        1.4365257941669578        1.1043117411668231     
   2889.4381333333336        1000.7641868570959         395.75966231340192        611.95247812825926        721.72636398389920         1075.8000938428677        3.3018085438641931        2.2725743088739976     
   4301.8503333333338        1501.1267323231571         618.91045495588219        912.06392603136737        1077.7396836661662         1325.9346322944400        6.0634598600604619        3.5665300539338722     
   5708.4216999999999        2001.5359691695339         862.11918775835147        1226.9894859559224        1425.7832746604638         2271.5066655935802        12.784988056244826        5.0121603912621415     
   7114.1568666666662        2501.7041814583340         1103.4218783804452        1529.2426458645259        1775.7118908024195         2615.8449455544587        20.234951920552447        6.7097257539207584     
   8519.1880333333338        3002.1914571160523         1351.3397196226649        1842.4746084408384        2127.0389989973305         3115.9691789282288        20.652069857433531        8.6255989724782651     
   11325.839133333333        4002.0047129180666         1847.4494943166608        2451.6776947997355        2820.6520060476091         3470.1853754686081        37.140180459590930        12.179604915900539     
   16925.504033333335        6002.7594401448705         2905.4618019492400        3702.4635677123688        4215.7751798959316         4838.9228126773023        53.272995774223808        22.247290646047418     
   22519.581999999999        8002.9947543944063         3952.2344186094269        4982.5555258296145        5628.6372266080471         5699.8332314402087        137.04435724729140        33.548844284574002     
