   605.63189999999997        199.61757435751949         415.89676391262896        499.37924955732348        536.30612342641962         4.7282634932301031        1.9698948950334476        1.5210842627805046     
   895.22400000000005        299.82322056508087         599.76137587084042        723.80956728713568        779.60810841693603         20.963872892123561        2.9285782140217735        2.2507477083742602     
   1181.8872333333334        399.99720485758178         779.68738305764975        948.21132913824033        1018.9392185081539         75.622700689729129        3.9238680040724949        2.9651739273210147     
   1468.4692000000000        500.13967494397622         954.66994662898833        1170.2002300029885        1259.1773739649784         53.466186518230600        4.9323998509505929        3.6449834325655872     
   2889.4381333333336        1000.7641868570959         1779.3836235835772        2248.5841629892047        2424.8275160011003         534.09028809178324        10.371870449300411        7.2506185026819843     
   4301.8503333333338        1501.1267323231571         2554.2854189637137        3263.2545205964439        3575.0042630576272         666.59046729704539        17.176905831917864        11.048399254572288     
   5708.4216999999999        2001.5359691695339         3337.8844278717202        4293.7290070588706        4679.0385028340670         1115.5662944396240        28.155443877219561        15.108052273561240     
   7114.1568666666662        2501.7041814583340         4072.7569620307581        5256.0238084534349        5771.4440125090750         1280.4749861227942        40.113680594120204        19.625625467511725     
   8519.1880333333338        3002.1914571160523         4795.0335218552318        6229.9283898741432        6852.3879909593516         1524.7555800615173        43.611162310349201        24.326751045693989     
   11325.839133333333        4002.0047129180666         6166.6716327035010        8066.9631788856486        8945.4023592110298         1704.3395758677898        67.340886898835464        33.257860178160136     
   16925.504033333335        6002.7594401448705         8870.4261807780240        11652.603791849015        13016.821324548408         2367.7388245808679        97.122801097773007        54.604773243765621     
   22519.581999999999        8002.9947543944063         11350.772861068152        15124.873034653618        16986.489021121888         2783.8552287609155        163.94004302479419        77.704476627903119     
