  100.000000000000000        34.244071586035901         43.300986856325487        37.560008618993294        36.243781684506359         1.0482124417627880       0.47281020607605134       0.24776199466333959     
   200.00000000000000        68.470515847609363         85.701654871963555        75.830023926758358        72.642935817639099         1.3409593029850841       0.80183363047971290       0.48282870915625614     
   300.00000000000000        102.70711471744815         125.64256173275480        113.62088902031248        109.36236721108044         1.5105263892821315        1.0537039869040508       0.69513438005535944     
   400.00000000000000        137.07282208355235         166.27230096955032        151.35723673956034        146.14353952938168         1.6406095054891232        1.2857046773207557       0.88082732834932864     
   500.00000000000000        171.30012940230284         202.61209762893412        187.96681701026651        182.61412969873757         1.7344132105525978        1.4585736160611900        1.0363354541480794     
   600.00000000000000        205.43441085294683         238.99851206973148        223.11829703384174        217.53012525700882         1.7953557936341369        1.6084684852035753        1.2013708503904910     
   700.00000000000000        239.70429474652499         272.34011620805950        255.52028571065787        252.15194161349842         1.8434509788118960        1.7380644806641270        1.3436292388108351     
   800.00000000000000        273.95075051215866         302.07521048440816        290.91582569186721        286.52310807219084         1.8857955477346973        1.8468312892534628        1.4906660136424130     
   900.00000000000000        308.20333509825417         334.86494295066603        323.92216558161357        319.37811115755335         1.9138816531602694        1.9573206416468594        1.6429681180773303     
  1000.00000000000000        342.60066748085899         362.88996127851226        358.25648202396752        353.36734929084355         1.9408273995598428        2.0453082213179514        1.7564656658513607     
   2000.0000000000000        685.05862737485609         581.93475318378705        646.73871410399670        664.63321290582348         1.9994420529318071        2.6380774222308503        2.5860605085768786     
   3000.0000000000000        1027.3507068671152         726.11785244072325        880.50726091457773        934.75738018089805         1.9388534797013000        2.8719788926163083        3.0343126078795239     
   5000.0000000000000        1712.4980426149243         911.34612095477542        1226.1134280551203        1379.0229885360841         1.7618635238569431        2.9970649484355838        3.4793494441618464     
   7000.0000000000000        2397.3630904581214         1018.2377065123554        1471.3621018165586        1714.1763956676480         1.5888219409853186        2.9429941826087873        3.6486950557428734     
   9000.0000000000000        3081.6448903835117         1087.4427754542542        1664.0731745429705        1987.7789802883076         1.4554545535055308        2.8479934802663265        3.7085152719038748     
