  100.000000000000000        34.244071586035901         112.52634633037876        119.22241699596218        114.83234878273967         2.1602046770907211        1.2320786719702028       0.69390243278746411     
   200.00000000000000        68.470515847609363         208.95580524485601        227.93016727089335        220.70874110802833         2.7390320488878612        2.0414391072208717        1.3089711555177606     
   300.00000000000000        102.70711471744815         296.09481473577677        331.23890256523617        324.36082049884698         3.0702994740002714        2.6523809060468446        1.8547152101672049     
   400.00000000000000        137.07282208355235         382.61060578954192        431.99879588703277        426.26169210054172         3.3222833910779115        3.2090494463473278        2.3279297571677224     
   500.00000000000000        171.30012940230284         458.75537860808390        528.14438492160218        525.96446250372276         3.5028665563059915        3.6222322768870137        2.7232991375411935     
   600.00000000000000        205.43441085294683         534.13825787357973        619.32990621559884        620.46709924404763         3.6186099278494117        3.9784051165203924        3.1398817179835583     
   700.00000000000000        239.70429474652499         602.62598852146414        702.59538493390312        713.43909456876224         3.7095157244877801        4.2847912100959222        3.4986260352882632     
   800.00000000000000        273.95075051215866         663.32364242790743        792.83863611858339        805.13931506908034         3.7894881163171976        4.5413769963264619        3.8676814417587742     
   900.00000000000000        308.20333509825417         729.91257722820967        876.42033529641208        892.32179570288838         3.8414086799763250        4.8010672415593216        4.2494678600291866     
  1000.00000000000000        342.60066748085899         786.58499152116008        962.86403888588541        982.09499078475937         3.8914941208939364        5.0073531143863246        4.5336547207590892     
   2000.0000000000000        685.05862737485609         1224.7642009079127        1675.7972479211123        1791.2233627526277         3.9875466729189202        6.3868224350870877        6.6012093252093500     
   3000.0000000000000        1027.3507068671152         1510.8724389335362        2243.3580750544515        2482.6982037621292         3.8585939922412704        6.9216257112685096        7.7138336164804375     
   5000.0000000000000        1712.4980426149243         1877.8178638237248        3074.7094040669999        3610.6131038374269         3.5009479788540840        7.1938031205250992        8.8190931835388966     
   7000.0000000000000        2397.3630904581214         2089.7347242869023        3661.9387690397270        4458.3388074812901         3.1559726249020157        7.0528791315779724        9.2426638776050005     
   9000.0000000000000        3081.6448903835117         2227.1038884891536        4122.7318223465609        5149.9347093617134         2.8912294991316081        6.8204303495464451        9.3956776583056900     
