  100.000000000000000        34.244071586035901         240.16657475216013        142.20303004579674        93.838875875218591         5.2923156888080092        1.7686258630494509       0.76572998965698647     
   200.00000000000000        68.470515847609363         472.97420554143372        288.94378047486521        199.93106668071937         6.7104278600754110        2.9741175171503493        1.5585474347067827     
   300.00000000000000        102.70711471744815         689.73983826833228        433.88895713993958        311.66980238966005         7.5155143398787425        3.8859076324985349        2.2899207316843886     
   400.00000000000000        137.07282208355235         907.84828243524919        578.35484147708030        426.61932426816111         8.1160924726418830        4.7112013362501344        2.9357181525245513     
   500.00000000000000        171.30012940230284         1100.9869190768322        718.13100344297231        542.75825261951786         8.5408865223338175        5.3256755134512073        3.4794588285308197     
   600.00000000000000        205.43441085294683         1292.6238071691007        851.93829284397702        655.50746442531386         8.8083741064792029        5.8503782208595405        4.0585345161084758     
   700.00000000000000        239.70429474652499         1466.7500235174541        974.90645020538250        768.52554415467603         9.0130431339576784        6.2996141447601186        4.5594972692191487     
   800.00000000000000        273.95075051215866         1620.8938796152684        1108.8113921498777        881.72459856304249         9.1910048473980464        6.6767570666294329        5.0791537868678818     
   900.00000000000000        308.20333509825417         1789.6585483344820        1233.2708646213305        990.72101532897284         9.3006890111332137        7.0529702986079617        5.6165499219497015     
  1000.00000000000000        342.60066748085899         1932.9192189811961        1362.3166779350449        1104.1809819282221         9.4070485746318759        7.3498508908744089        6.0184601069123458     
   2000.0000000000000        685.05862737485609         3023.8389427237826        2429.6603915494038        2164.5446738624760         9.5097493345027591        9.2803290889884753        8.9541818312635915     
   3000.0000000000000        1027.3507068671152         3716.5511314730793        3273.1701240259263        3101.0329153577090         9.1077645563264458        9.9644338367707839        10.531663513641281     
   5000.0000000000000        1712.4980426149243         4580.0745043570687        4487.6108158518091        4651.1998710109237         8.1405527379375435        10.197576207155256        12.066220679299548     
   7000.0000000000000        2397.3630904581214         5065.8997940880845        5327.3933610888671        5820.2125738850855         7.2589698498801845        9.8837617055146989        12.618758209962996     
   9000.0000000000000        3081.6448903835117         5375.8380875884177        5975.2353945879695        6771.2560986228864         6.5978214514089366        9.4735341989598822        12.786589256495231     
