  100.000000000000000        34.244071586035901         86.459970346388062        51.193092850717491        33.781996657454577         1.9052337236780719       0.63670533599819612       0.27566280723037179     
   200.00000000000000        68.470515847609363         170.27072076086642        104.01976510432542        71.975186865095822         2.4157541256206030        1.0706823487192187       0.56107709878964007     
   300.00000000000000        102.70711471744815         248.30635164340714        156.20003077720958        112.20113331874991         2.7055852698666394        1.3989268032878313       0.82437149616396443     
   400.00000000000000        137.07282208355235         326.82539466356354        208.20775120518127        153.58296283937639         2.9217934062526987        1.6960325484443226        1.0568585769046206     
   500.00000000000000        171.30012940230284         396.35530661740381        258.52717151241643        195.39297870724553         3.0747192702185351        1.9172432610268331        1.2526052280451585     
   600.00000000000000        205.43441085294683         465.34458907200815        306.69779761090678        235.98269657022249         3.1710148043373105        2.1061362431997570        1.4610724838568523     
   700.00000000000000        239.70429474652499         528.03002944831087        350.96633602008632        276.66920688952945         3.2446956571573766        2.2678611822303556        1.6414190821430299     
   800.00000000000000        273.95075051215866         583.52181984856952        399.17211703563015        317.42086809586687         3.3087618765416580        2.4036326394983556        1.8284954359303129     
   900.00000000000000        308.20333509825417         644.27710300168440        443.97752890576021        356.65957969080802         3.3482481770553396        2.5390694083924013        2.0219580522472840     
  1000.00000000000000        342.60066748085899         695.85094648386178        490.43402354471255        397.50516928959559         3.3865376214363883        2.6459464258552412        2.1666457245831992     
   2000.0000000000000        685.05862737485609         1088.5820626369248        874.67777571435613        779.23611355455125         3.4235098964590778        3.3409186047920283        3.2235055873454956     
   3000.0000000000000        1027.3507068671152         1337.9584604959989        1178.3412914724076        1116.3718938894069         3.2787953705651556        3.5871963237798470        3.7913990155675017     
   5000.0000000000000        1712.4980426149243         1648.8268870870361        1615.5399579024390        1674.4320200998804         2.9305991021090634        3.6711275804533496        4.3438396171565330     
   7000.0000000000000        2397.3630904581214         1823.7239983399884        1917.8616862009653        2095.2766098574393         2.6132292497972567        3.5581543553736323        4.5427531360994307     
   9000.0000000000000        3081.6448903835117         1935.3017884338110        2151.0848275280969        2437.6522923678344         2.3752158168897792        3.4104724471455703        4.6031723152519062     
