  100.000000000000000        34.244071586035901         21.933041193099420        34.235799524213192        34.183057618305483        0.70945071742922805       0.41805189511876034       0.23028433599902542     
   200.00000000000000        68.470515847609363         46.509746144351226        68.522184886585634        68.163348667442690        0.91878957632989200       0.70667613958513165       0.44720994822210491     
   300.00000000000000        102.70711471744815         70.836521480325828        102.17730137920769        102.32168955118557         1.0425318225394724       0.92721901939100326       0.64286195382430067     
   400.00000000000000        137.07282208355235         96.368905869996212        135.66233746246695        136.46403720444098         1.1395035246817800        1.1301170833805187       0.81389680359592265     
   500.00000000000000        171.30012940230284         119.71863978889651        168.06600238730212        170.26770561239763         1.2104381738454930        1.2812136235133507       0.95703712641793681     
   600.00000000000000        205.43441085294683         143.49325094427741        199.12177170001686        202.59526048103368         1.2576671389753273        1.4121650427921153        1.1090132458688076     
   700.00000000000000        239.70429474652499         165.57348034541212        227.70867881332973        234.62376208917723         1.2956041345898515        1.5253244993449959        1.2399483530788336     
   800.00000000000000        273.95075051215866         185.47377870767161        258.90085498978789        266.39910432268704         1.3292045037055271        1.6202625485505282        1.3752880339034723     
   900.00000000000000        308.20333509825417         207.62170599232448        287.95924078683777        296.75637836001425         1.3524986226280409        1.7166951126146788        1.5155428985494475     
  1000.00000000000000        342.60066748085899         226.70451286027634        318.16214247290185        328.14748684199992         1.3746691535469904        1.7934785244386615        1.6200122816006026     
   2000.0000000000000        685.05862737485609         379.67036112849820        571.30166948040460        615.22543338416449         1.4370672896228449        2.3106269660948837        2.3842365122010047     
   3000.0000000000000        1027.3507068671152         483.13409002522548        776.00148022563883        864.11546711015228         1.4050856556853737        2.5146706395693803        2.7978212954687378     
   5000.0000000000000        1712.4980426149243         618.37362678327622        1078.4101428336367        1273.4559202046703         1.2893372640997725        2.6239163128587446        3.2098570178971344     
   7000.0000000000000        2397.3630904581214         697.37628924603155        1292.9998623745560        1582.4341671535940         1.1696182870371514        2.5768448901418166        3.3679169404029468     
   9000.0000000000000        3081.6448903835117         748.84427638017758        1461.6668894217471        1834.8367442432182         1.0755354882422523        2.4940290368255669        3.4248173022909070     
