  100.000000000000000        34.244071586035901         132.33577212935282        115.14289072604245        109.75283798598736         2.9264384554713088        1.3330140345470349       0.70859766222203979     
   200.00000000000000        68.470515847609363         256.06504518620562        227.22766858007054        215.78024275661431         3.7289245528558084        2.2384669670119570        1.3597192393811228     
   300.00000000000000        102.70711471744815         370.79563343626398        336.13202328906385        321.25864474982052         4.1908371142177110        2.9272532096111452        1.9424238987604079     
   400.00000000000000        137.07282208355235         486.37980288920227        443.79492107613555        425.98926073850896         4.5430881104054013        3.5584044501484002        2.4497270075132551     
   500.00000000000000        171.30012940230284         589.06528818779589        547.50368907097425        529.18142995913524         4.7960420899145513        4.0279266869159400        2.8743243816918489     
   600.00000000000000        205.43441085294683         691.37173018711792        646.55315527660412        627.50334863192859         4.9591076927613118        4.4338180960520424        3.3226302857427665     
   700.00000000000000        239.70429474652499         784.74957785080255        737.48204179770346        724.62755329994798         5.0871759687586513        4.7838834719171608        3.7090970460339290     
   800.00000000000000        273.95075051215866         867.77543916728678        836.46905115020331        820.74389862829980         5.1997583899957673        5.0774250333611350        4.1073368708795472     
   900.00000000000000        308.20333509825417         959.09217226864314        928.49829301782552        912.37707480157007         5.2733753163239401        5.3749554189864703        4.5192334408137711     
  1000.00000000000000        342.60066748085899         1036.9646212516243        1023.9851219576174        1006.9555725504446         5.3442041146996173        5.6115701617406160        4.8261646429811194     
   2000.0000000000000        685.05862737485609         1641.5505920873366        1819.5315940158200        1866.0816348954932         5.4840703320253130        7.1987493289115276        7.0606145364480426     
   3000.0000000000000        1027.3507068671152         2036.8129068334194        2458.8022957146577        2605.5026349353316         5.3068455334943883        7.8183391369350961        8.2622811700116792     
   5000.0000000000000        1712.4980426149243         2542.6277066070661        3399.3310152558911        3815.3786467338568         4.8112106296574035        8.1394655844275192        9.4502083157531178     
   7000.0000000000000        2397.3630904581214         2833.7961117619561        4064.8510159783900        4725.3151562816565         4.3329020798219844        7.9837650723268219        9.8993353986858388     
   9000.0000000000000        3081.6448903835117         3022.0886635586885        4587.1671550892906        5467.1955961065632         3.9659522455946976        7.7212724000880595        10.056158234557500     
